93 37 0
52 79 0
3 24 0
7 70 0
33 73 0
92 16 0
81 86 0
93 32 0
99 49 0
81 21 0
82 82 0
76 48 0
63 60 0
13 61 0
60 3 0
70 5 0
62 29 0
82 14 0
97 40 0
94 48 0
18 20 0
9 37 0
73 37 0
81 40 0
42 5 0
48 20 0
77 5 0
10 58 0
60 98 0
13 88 0
44 15 0
52 25 0
96 84 0
52 83 0
99 47 0
3 97 0
23 42 0
68 17 0
93 23 0
43 70 0
35 77 0
98 31 0
92 4 0
11 80 0
9 52 0
4 77 0
28 81 0
22 7 0
27 93 0
54 31 0
20 59 0
15 39 0
25 19 0
22 52 0
99 78 0
87 81 0
4 66 0
10 83 0
74 70 0
60 94 0
72 28 0
14 48 0
69 72 0
3 78 0
61 83 0
88 53 0
72 82 0
74 18 0
98 36 0
79 95 0
54 39 0
55 98 0
59 24 0
56 97 0
85 54 0
15 86 0
18 6 0
84 30 0
34 39 0
47 0 0
89 84 0
78 13 0
41 33 0
76 49 0
5 60 0
70 78 0
18 2 0
99 12 0
41 67 0
75 66 0
45 6 0
67 50 0
29 1 0
55 37 0
59 43 0
57 52 0
38 9 0
67 65 0
5 12 0
79 26 0
6 49 0
67 6 0
10 46 0
14 45 0
99 81 0
32 69 0
76 22 0
7 41 0
60 98 0
3 30 0
81 56 0
86 71 0
35 3 0
86 23 0
5 32 0
70 80 0
98 11 0
43 89 0
4 89 0
51 95 0
24 10 0
58 56 0
18 82 0
76 4 0
34 38 0
34 83 0
38 44 0
18 10 0
5 48 0
25 85 0
92 80 0
51 18 0
91 54 0
7 40 0
51 0 0
14 1 0
39 1 0
17 81 0
73 91 0
17 34 0
65 46 0
60 9 0
99 37 0
14 8 0
98 20 0
86 23 0
0 75 0
6 1 0
1 69 0
5 2 0
83 35 0
96 98 0
56 41 0
12 76 0
28 73 0
17 54 0
19 78 0
10 1 0
27 83 0
68 89 0
85 16 0
14 16 0
90 7 0
32 8 0
10 25 0
2 63 0
46 84 0
32 54 0
1 0 0
19 20 0
43 90 0
59 30 0
24 64 0
14 58 0
97 20 0
47 77 0
11 62 0
0 5 0
94 22 0
35 6 0
84 14 0
99 70 0
93 43 0
83 6 0
34 27 0
65 1 0
88 78 0
80 15 0
13 78 0
10 49 0
87 64 0
22 34 0
96 49 0
30 49 0
71 23 0
95 47 0
2 15 0
50 34 0
39 71 0
49 61 0
99 69 0
55 5 0
93 1 0
70 29 0
95 15 0
56 26 0
53 70 0
12 76 0
16 77 0
90 59 0
39 42 0
83 12 0
17 41 0
10 99 0
50 53 0
72 44 0
90 85 0
24 43 0
90 16 0
0 91 0
58 79 0
18 91 0
50 78 0
93 84 0
15 4 0
62 34 0
65 88 0
84 21 0
15 28 0
29 12 0
37 28 0
9 96 0
49 44 0
47 86 0
80 37 0
54 71 0
10 7 0
82 62 0
85 61 0
64 15 0
41 2 0
16 77 0
21 43 0
25 74 0
62 81 0
79 14 0
35 61 0
40 24 0
89 24 0
16 16 0
59 64 0
31 46 0
59 16 0
8 69 0
28 83 0
7 19 0
48 14 0
49 33 0
84 69 0
96 51 0
34 14 0
28 49 0
81 71 0
63 55 0
86 57 0
72 8 0
73 56 0
45 9 0
4 56 0
29 64 0
90 73 0
1 50 0
51 43 0
76 37 0
18 51 0
98 25 0
23 65 0
58 18 0
38 0 0
50 64 0
21 89 0
44 72 0
86 93 0
91 19 0
91 76 0
67 4 0
8 35 0
49 57 0
56 62 0
27 24 0
61 44 0
73 32 0
69 91 0
8 57 0
60 24 0
85 40 0
69 14 0
71 2 0
93 54 0
36 37 0
66 76 0
75 32 0
88 46 0
95 76 0
56 15 0
52 90 0
42 48 0
85 9 0
13 95 0
70 90 0
23 84 0
84 80 0
83 16 0
42 20 0
4 25 0
93 90 0
54 98 0
77 2 0
32 5 0
50 32 0
35 88 0
88 55 0
16 24 0
0 28 0
77 22 0
61 92 0
92 48 0
28 48 0
87 76 0
97 40 0
96 16 0
23 15 0
7 1 0
16 33 0
26 72 0
72 5 0
57 33 0
51 57 0
13 98 0
37 29 0
40 51 0
58 39 0
95 76 0
85 92 0
1 11 0
84 84 0
48 3 0
34 19 0
0 32 0
55 28 0
7 24 0
73 14 0
41 70 0
99 25 0
17 11 0
83 4 0
84 45 0
82 83 0
76 51 0
13 73 0
37 42 0
72 57 0
35 46 0
20 26 0
43 99 0
2 70 0
31 76 0
85 14 0
37 48 0
28 70 0
50 79 0
80 40 0
4 20 0
8 97 0
87 13 0
55 34 0
7 40 0
24 14 0
97 13 0
42 74 0
77 38 0
92 41 0
43 3 0
92 11 0
10 58 0
14 83 0
53 47 0
8 13 0
35 29 0
60 28 0
28 64 0
74 39 0
96 76 0
66 38 0
87 43 0
35 68 0
44 71 0
17 15 0
67 73 0
54 51 0
66 42 0
55 50 0
47 40 0
64 73 0
69 7 0
69 20 0
98 99 0
40 9 0
82 99 0
68 97 0
10 16 0
46 90 0
68 77 0
44 49 0
19 95 0
77 35 0
18 97 0
9 84 0
70 55 0
36 21 0
96 33 0
14 37 0
57 76 0
18 60 0
44 9 0
74 88 0
4 70 0
22 28 0
35 14 0
11 86 0
54 93 0
89 68 0
83 79 0
56 67 0
30 57 0
19 48 0
19 55 0
90 51 0
71 14 0
13 53 0
76 70 0
11 9 0
16 50 0
90 33 0
39 46 0
31 61 0
31 62 0
58 78 0
74 16 0
52 90 0
7 21 0
7 79 0
3 84 0
54 45 0
50 21 0
36 10 0
86 21 0
17 35 0
86 62 0
16 64 0
18 7 0
25 78 0
3 87 0
30 17 0
75 26 0
1 14 0
3 54 0
49 4 0
9 76 0
73 5 0
88 22 0
0 9 0
42 10 0
44 57 0
54 26 0
39 37 0
61 8 0
72 89 0
44 22 0
40 18 0
10 27 0
68 84 0
47 11 0
41 53 0
44 27 0
41 72 0
52 75 0
78 77 0
70 81 0
47 14 0
78 30 0
90 2 0
2 70 0
93 29 0
95 52 0
61 14 0
53 59 0
15 71 0
79 39 0
0 61 0
80 92 0
80 42 0
20 54 0
77 86 0
58 18 0
41 22 0
97 46 0
42 58 0
34 49 0
92 59 0
19 55 0
77 72 0
33 71 0
45 2 0
4 98 0
3 12 0
54 72 0
30 87 0
36 36 0
57 39 0
66 70 0
85 49 0
22 44 0
72 8 0
64 45 0
58 97 0
41 96 0
5 25 0
36 20 0
46 42 0
21 82 0
75 62 0
79 57 0
38 18 0
65 64 0
9 23 0
92 97 0
48 97 0
94 54 0
98 68 0
58 94 0
42 12 0
19 36 0
52 41 0
28 35 0
74 50 0
45 59 0
90 84 0
57 15 0
91 97 0
24 30 0
80 7 0
85 92 0
70 17 0
30 82 0
45 12 0
17 61 0
34 52 0
87 12 0
44 30 0
99 35 0
85 7 0
62 94 0
1 90 0
24 42 0
53 32 0
4 65 0
48 46 0
99 40 0
63 39 0
11 44 0
10 62 0
72 24 0
41 28 0
52 40 0
24 6 0
67 96 0
9 77 0
73 39 0
79 89 0
27 27 0
29 45 0
21 16 0
72 92 0
20 28 0
72 89 0
14 88 0
25 70 0
34 46 0
24 24 0
80 32 0
63 10 0
5 95 0
51 72 0
6 96 0
6 40 0
6 16 0
25 14 0
64 23 0
1 5 0
92 60 0
60 47 0
59 20 0
90 31 0
22 69 0
97 21 0
33 43 0
11 31 0
86 30 0
88 55 0
92 97 0
59 12 0
44 53 0
65 73 0
9 98 0
92 59 0
71 55 0
11 3 0
51 58 0
56 20 0
87 45 0
16 94 0
75 78 0
12 86 0
14 13 0
67 85 0
90 96 0
52 24 0
33 19 0
3 43 0
68 58 0
30 28 0
3 83 0
33 99 0
49 22 0
7 9 0
68 88 0
22 0 0
24 60 0
86 97 0
59 30 0
43 93 0
21 86 0
81 97 0
7 96 0
83 37 0
79 74 0
27 50 0
13 90 0
19 55 0
79 53 0
16 83 0
98 37 0
71 61 0
60 80 0
84 6 0
71 42 0
40 13 0
54 28 0
4 91 0
13 35 0
27 56 0
7 79 0
16 95 0
35 48 0
53 99 0
98 33 0
57 56 0
48 55 0
0 61 0
2 88 0
58 9 0
54 91 0
36 33 0
13 60 0
94 19 0
1 48 0
28 75 0
26 1 0
15 7 0
72 0 0
50 73 0
36 6 0
58 84 0
69 31 0
48 87 0
72 49 0
79 75 0
63 4 0
80 76 0
85 45 0
68 47 0
23 7 0
30 91 0
64 80 0
31 87 0
50 37 0
65 56 0
86 21 0
70 27 0
31 98 0
95 0 0
34 53 0
68 12 0
87 21 0
43 84 0
28 20 0
70 33 0
48 0 0
88 97 0
91 71 0
7 50 0
47 54 0
85 76 0
0 2 0
92 64 0
99 35 0
45 64 0
69 4 0
67 24 0
13 62 0
85 64 0
2 83 0
0 41 0
88 58 0
13 43 0
7 46 0
5 4 0
10 4 0
53 45 0
50 86 0
65 50 0
91 24 0
25 11 0
57 36 0
50 58 0
54 12 0
95 81 0
33 91 0
5 32 0
91 31 0
83 55 0
77 90 0
79 9 0
24 14 0
6 49 0
20 35 0
74 22 0
45 11 0
6 82 0
62 51 0
86 6 0
65 46 0
5 21 0
90 6 0
29 16 0
55 6 0
10 28 0
11 87 0
4 70 0
39 79 0
47 88 0
70 37 0
24 57 0
15 45 0
96 78 0
12 46 0
99 11 0
92 82 0
2 29 0
12 68 0
25 90 0
30 59 0
33 9 0
62 43 0
63 32 0
39 62 0
59 74 0
67 73 0
93 86 0
1 11 0
84 51 0
16 6 0
38 80 0
19 62 0
98 6 0
55 29 0
83 78 0
10 2 0
40 56 0
66 33 0
77 52 0
24 72 0
10 47 0
77 66 0
11 12 0
47 52 0
65 63 0
23 65 0
33 65 0
36 76 0
13 37 0
29 1 0
19 50 0
24 81 0
50 86 0
48 40 0
8 67 0
55 95 0
8 90 0
64 85 0
64 44 0
18 90 0
20 45 0
11 87 0
88 42 0
65 17 0
78 35 0
45 42 0
18 14 0
25 70 0
53 3 0
11 92 0
29 97 0
57 35 0
83 27 0
1 21 0
32 40 0
36 61 0
2 68 0
77 57 0
55 36 0
1 28 0
85 98 0
57 45 0
90 95 0
86 76 0
55 58 0
91 42 0
89 65 0
41 55 0
11 74 0
68 24 0
96 54 0
82 57 0
68 24 0
38 37 0
50 84 0
11 81 0
68 30 0
53 60 0
91 26 0
50 67 0
34 31 0
52 12 0
97 63 0
72 36 0
39 91 0
44 68 0
34 1 0
71 73 0
46 58 0
11 53 0
25 66 0
77 53 0
93 21 0
0 73 0
95 74 0
60 31 0
81 46 0
63 75 0
51 2 0
98 37 0
84 0 0
21 33 0
56 12 0
12 73 0
48 87 0
83 14 0
19 33 0
39 44 0
13 18 0
38 79 0
34 96 0
16 21 0
94 14 0
16 29 0
76 75 0
20 97 0
6 54 0
75 41 0
34 75 0
58 25 0
73 48 0
76 58 0
19 51 0
74 89 0
59 6 0
41 35 0
90 77 0
21 29 0
8 37 0
14 73 0
70 97 0
15 40 0
85 88 0
56 27 0
24 48 0
38 40 0
89 87 0
56 83 0
1 65 0
80 98 0
99 64 0
57 80 0
96 94 0
31 33 0
88 51 0
24 68 0
96 5 0
76 82 0
50 81 0
67 39 0
90 77 0
32 50 0
21 85 0
64 42 0
7 33 0
94 26 0
45 12 0
98 69 0
50 25 0
46 95 0
41 2 0
37 31 0
91 48 0
87 25 0
89 69 0
11 5 0
71 33 0
19 27 0
58 15 0
69 28 0
91 18 0
78 51 0
55 58 0
44 38 0
68 47 0
32 71 0
51 19 0
68 31 0
98 41 0
5 90 0
46 61 0
9 37 0
89 89 0
26 24 0
48 9 0
91 33 0
74 58 0
8 53 0
27 15 0
83 46 0
31 90 0
97 39 0
24 50 0
4 57 0
34 89 0
24 29 0
22 94 0
70 80 0
91 32 0
40 79 0
92 17 0
42 70 0
37 16 0
73 41 0
20 15 0
40 64 0
34 3 0
16 8 0
98 68 0
73 72 0
96 39 0
11 62 0
47 12 0
96 76 0
64 44 0
69 5 0
73 83 0
95 78 0
92 15 0
6 25 0
28 78 0
65 88 0
1 27 0
25 2 0
47 75 0
64 88 0
28 25 0
